1 1 2.4919253956 1.4387849884 10.0
2 1 4.9839743744 1.4387849884 10.0
3 1 7.4760233532 1.4387849884 10.0
4 1 9.968072332 1.4387849884 10.0
5 1 12.4601213108 1.4387849884 10.0
6 1 14.9521702896 1.4387849884 10.0
7 1 17.4442192684 1.4387849884 10.0
8 1 19.9362682472 1.4387849884 10.0
9 1 22.428317226 1.4387849884 10.0
10 1 24.9203662048 1.4387849884 10.0
11 1 27.4124151836 1.4387849884 10.0
12 1 29.9044641624 1.4387849884 10.0
13 1 32.3965131412 1.4387849884 10.0
14 1 34.88856212 1.4387849884 10.0
15 1 37.3806110988 1.4387849884 10.0
16 1 2.4919253956 5.7551402168 10.0
17 1 4.9839743744 5.7551402168 10.0
18 1 7.4760233532 5.7551402168 10.0
19 1 9.968072332 5.7551402168 10.0
20 1 12.4601213108 5.7551402168 10.0
21 1 14.9521702896 5.7551402168 10.0
22 1 17.4442192684 5.7551402168 10.0
23 1 19.9362682472 5.7551402168 10.0
24 1 22.428317226 5.7551402168 10.0
25 1 24.9203662048 5.7551402168 10.0
26 1 27.4124151836 5.7551402168 10.0
27 1 29.9044641624 5.7551402168 10.0
28 1 32.3965131412 5.7551402168 10.0
29 1 34.88856212 5.7551402168 10.0
30 1 37.3806110988 5.7551402168 10.0
31 1 2.4919253956 10.0714954452 10.0
32 1 4.9839743744 10.0714954452 10.0
33 1 7.4760233532 10.0714954452 10.0
34 1 9.968072332 10.0714954452 10.0
35 1 12.4601213108 10.0714954452 10.0
36 1 14.9521702896 10.0714954452 10.0
37 1 17.4442192684 10.0714954452 10.0
38 1 19.9362682472 10.0714954452 10.0
39 1 22.428317226 10.0714954452 10.0
40 1 24.9203662048 10.0714954452 10.0
41 1 27.4124151836 10.0714954452 10.0
42 1 29.9044641624 10.0714954452 10.0
43 1 32.3965131412 10.0714954452 10.0
44 1 34.88856212 10.0714954452 10.0
45 1 37.3806110988 10.0714954452 10.0
46 1 2.4919253956 14.3878506736 10.0
47 1 4.9839743744 14.3878506736 10.0
48 1 7.4760233532 14.3878506736 10.0
49 1 9.968072332 14.3878506736 10.0
50 1 12.4601213108 14.3878506736 10.0
51 1 14.9521702896 14.3878506736 10.0
52 1 17.4442192684 14.3878506736 10.0
53 1 19.9362682472 14.3878506736 10.0
54 1 22.428317226 14.3878506736 10.0
55 1 24.9203662048 14.3878506736 10.0
56 1 27.4124151836 14.3878506736 10.0
57 1 29.9044641624 14.3878506736 10.0
58 1 32.3965131412 14.3878506736 10.0
59 1 34.88856212 14.3878506736 10.0
60 1 37.3806110988 14.3878506736 10.0
61 1 2.4919253956 18.704205902 10.0
62 1 4.9839743744 18.704205902 10.0
63 1 7.4760233532 18.704205902 10.0
64 1 9.968072332 18.704205902 10.0
65 1 12.4601213108 18.704205902 10.0
66 1 14.9521702896 18.704205902 10.0
67 1 17.4442192684 18.704205902 10.0
68 1 19.9362682472 18.704205902 10.0
69 1 22.428317226 18.704205902 10.0
70 1 24.9203662048 18.704205902 10.0
71 1 27.4124151836 18.704205902 10.0
72 1 29.9044641624 18.704205902 10.0
73 1 32.3965131412 18.704205902 10.0
74 1 34.88856212 18.704205902 10.0
75 1 37.3806110988 18.704205902 10.0
76 1 2.4919253956 23.0205611304 10.0
77 1 4.9839743744 23.0205611304 10.0
78 1 7.4760233532 23.0205611304 10.0
79 1 9.968072332 23.0205611304 10.0
80 1 12.4601213108 23.0205611304 10.0
81 1 14.9521702896 23.0205611304 10.0
82 1 17.4442192684 23.0205611304 10.0
83 1 19.9362682472 23.0205611304 10.0
84 1 22.428317226 23.0205611304 10.0
85 1 24.9203662048 23.0205611304 10.0
86 1 27.4124151836 23.0205611304 10.0
87 1 29.9044641624 23.0205611304 10.0
88 1 32.3965131412 23.0205611304 10.0
89 1 34.88856212 23.0205611304 10.0
90 1 37.3806110988 23.0205611304 10.0
91 1 2.4919253956 27.3369163588 10.0
92 1 4.9839743744 27.3369163588 10.0
93 1 7.4760233532 27.3369163588 10.0
94 1 9.968072332 27.3369163588 10.0
95 1 12.4601213108 27.3369163588 10.0
96 1 14.9521702896 27.3369163588 10.0
97 1 17.4442192684 27.3369163588 10.0
98 1 19.9362682472 27.3369163588 10.0
99 1 22.428317226 27.3369163588 10.0
100 1 24.9203662048 27.3369163588 10.0
101 1 27.4124151836 27.3369163588 10.0
102 1 29.9044641624 27.3369163588 10.0
103 1 32.3965131412 27.3369163588 10.0
104 1 34.88856212 27.3369163588 10.0
105 1 37.3806110988 27.3369163588 10.0
106 1 2.4919253956 31.6532715872 10.0
107 1 4.9839743744 31.6532715872 10.0
108 1 7.4760233532 31.6532715872 10.0
109 1 9.968072332 31.6532715872 10.0
110 1 12.4601213108 31.6532715872 10.0
111 1 14.9521702896 31.6532715872 10.0
112 1 17.4442192684 31.6532715872 10.0
113 1 19.9362682472 31.6532715872 10.0
114 1 22.428317226 31.6532715872 10.0
115 1 24.9203662048 31.6532715872 10.0
116 1 27.4124151836 31.6532715872 10.0
117 1 29.9044641624 31.6532715872 10.0
118 1 32.3965131412 31.6532715872 10.0
119 1 34.88856212 31.6532715872 10.0
120 1 37.3806110988 31.6532715872 10.0
121 1 2.4919253956 35.9696268156 10.0
122 1 4.9839743744 35.9696268156 10.0
123 1 7.4760233532 35.9696268156 10.0
124 1 9.968072332 35.9696268156 10.0
125 1 12.4601213108 35.9696268156 10.0
126 1 14.9521702896 35.9696268156 10.0
127 1 17.4442192684 35.9696268156 10.0
128 1 19.9362682472 35.9696268156 10.0
129 1 22.428317226 35.9696268156 10.0
130 1 24.9203662048 35.9696268156 10.0
131 1 27.4124151836 35.9696268156 10.0
132 1 29.9044641624 35.9696268156 10.0
133 1 32.3965131412 35.9696268156 10.0
134 1 34.88856212 35.9696268156 10.0
135 1 37.3806110988 35.9696268156 10.0
136 1 2.4919253956 40.285982044 10.0
137 1 4.9839743744 40.285982044 10.0
138 1 7.4760233532 40.285982044 10.0
139 1 9.968072332 40.285982044 10.0
140 1 12.4601213108 40.285982044 10.0
141 1 14.9521702896 40.285982044 10.0
142 1 17.4442192684 40.285982044 10.0
143 1 19.9362682472 40.285982044 10.0
144 1 22.428317226 40.285982044 10.0
145 1 24.9203662048 40.285982044 10.0
146 1 27.4124151836 40.285982044 10.0
147 1 29.9044641624 40.285982044 10.0
148 1 32.3965131412 40.285982044 10.0
149 1 34.88856212 40.285982044 10.0
150 1 37.3806110988 40.285982044 10.0
151 1 1.2459009062 0.7193924316 10.0
152 1 3.737949885 0.7193924316 10.0
153 1 6.2299988638 0.7193924316 10.0
154 1 8.7220478426 0.7193924316 10.0
155 1 11.2140968214 0.7193924316 10.0
156 1 13.7061458002 0.7193924316 10.0
157 1 16.198194779 0.7193924316 10.0
158 1 18.6902437578 0.7193924316 10.0
159 1 21.1822927366 0.7193924316 10.0
160 1 23.6743417154 0.7193924316 10.0
161 1 26.1663906942 0.7193924316 10.0
162 1 28.658439673 0.7193924316 10.0
163 1 31.1504886518 0.7193924316 10.0
164 1 33.6425376306 0.7193924316 10.0
165 1 36.1345866094 0.7193924316 10.0
166 1 1.2459009062 5.03574766 10.0
167 1 3.737949885 5.03574766 10.0
168 1 6.2299988638 5.03574766 10.0
169 1 8.7220478426 5.03574766 10.0
170 1 11.2140968214 5.03574766 10.0
171 1 13.7061458002 5.03574766 10.0
172 1 16.198194779 5.03574766 10.0
173 1 18.6902437578 5.03574766 10.0
174 1 21.1822927366 5.03574766 10.0
175 1 23.6743417154 5.03574766 10.0
176 1 26.1663906942 5.03574766 10.0
177 1 28.658439673 5.03574766 10.0
178 1 31.1504886518 5.03574766 10.0
179 1 33.6425376306 5.03574766 10.0
180 1 36.1345866094 5.03574766 10.0
181 1 1.2459009062 9.3521028884 10.0
182 1 3.737949885 9.3521028884 10.0
183 1 6.2299988638 9.3521028884 10.0
184 1 8.7220478426 9.3521028884 10.0
185 1 11.2140968214 9.3521028884 10.0
186 1 13.7061458002 9.3521028884 10.0
187 1 16.198194779 9.3521028884 10.0
188 1 18.6902437578 9.3521028884 10.0
189 1 21.1822927366 9.3521028884 10.0
190 1 23.6743417154 9.3521028884 10.0
191 1 26.1663906942 9.3521028884 10.0
192 1 28.658439673 9.3521028884 10.0
193 1 31.1504886518 9.3521028884 10.0
194 1 33.6425376306 9.3521028884 10.0
195 1 36.1345866094 9.3521028884 10.0
196 1 1.2459009062 13.6684581168 10.0
197 1 3.737949885 13.6684581168 10.0
198 1 6.2299988638 13.6684581168 10.0
199 1 8.7220478426 13.6684581168 10.0
200 1 11.2140968214 13.6684581168 10.0
201 1 13.7061458002 13.6684581168 10.0
202 1 16.198194779 13.6684581168 10.0
203 1 18.6902437578 13.6684581168 10.0
204 1 21.1822927366 13.6684581168 10.0
205 1 23.6743417154 13.6684581168 10.0
206 1 26.1663906942 13.6684581168 10.0
207 1 28.658439673 13.6684581168 10.0
208 1 31.1504886518 13.6684581168 10.0
209 1 33.6425376306 13.6684581168 10.0
210 1 36.1345866094 13.6684581168 10.0
211 1 1.2459009062 17.9848133452 10.0
212 1 3.737949885 17.9848133452 10.0
213 1 6.2299988638 17.9848133452 10.0
214 1 8.7220478426 17.9848133452 10.0
215 1 11.2140968214 17.9848133452 10.0
216 1 13.7061458002 17.9848133452 10.0
217 1 16.198194779 17.9848133452 10.0
218 1 18.6902437578 17.9848133452 10.0
219 1 21.1822927366 17.9848133452 10.0
220 1 23.6743417154 17.9848133452 10.0
221 1 26.1663906942 17.9848133452 10.0
222 1 28.658439673 17.9848133452 10.0
223 1 31.1504886518 17.9848133452 10.0
224 1 33.6425376306 17.9848133452 10.0
225 1 36.1345866094 17.9848133452 10.0
226 1 1.2459009062 22.3011685736 10.0
227 1 3.737949885 22.3011685736 10.0
228 1 6.2299988638 22.3011685736 10.0
229 1 8.7220478426 22.3011685736 10.0
230 1 11.2140968214 22.3011685736 10.0
231 1 13.7061458002 22.3011685736 10.0
232 1 16.198194779 22.3011685736 10.0
233 1 18.6902437578 22.3011685736 10.0
234 1 21.1822927366 22.3011685736 10.0
235 1 23.6743417154 22.3011685736 10.0
236 1 26.1663906942 22.3011685736 10.0
237 1 28.658439673 22.3011685736 10.0
238 1 31.1504886518 22.3011685736 10.0
239 1 33.6425376306 22.3011685736 10.0
240 1 36.1345866094 22.3011685736 10.0
241 1 1.2459009062 26.617523802 10.0
242 1 3.737949885 26.617523802 10.0
243 1 6.2299988638 26.617523802 10.0
244 1 8.7220478426 26.617523802 10.0
245 1 11.2140968214 26.617523802 10.0
246 1 13.7061458002 26.617523802 10.0
247 1 16.198194779 26.617523802 10.0
248 1 18.6902437578 26.617523802 10.0
249 1 21.1822927366 26.617523802 10.0
250 1 23.6743417154 26.617523802 10.0
251 1 26.1663906942 26.617523802 10.0
252 1 28.658439673 26.617523802 10.0
253 1 31.1504886518 26.617523802 10.0
254 1 33.6425376306 26.617523802 10.0
255 1 36.1345866094 26.617523802 10.0
256 1 1.2459009062 30.9338790304 10.0
257 1 3.737949885 30.9338790304 10.0
258 1 6.2299988638 30.9338790304 10.0
259 1 8.7220478426 30.9338790304 10.0
260 1 11.2140968214 30.9338790304 10.0
261 1 13.7061458002 30.9338790304 10.0
262 1 16.198194779 30.9338790304 10.0
263 1 18.6902437578 30.9338790304 10.0
264 1 21.1822927366 30.9338790304 10.0
265 1 23.6743417154 30.9338790304 10.0
266 1 26.1663906942 30.9338790304 10.0
267 1 28.658439673 30.9338790304 10.0
268 1 31.1504886518 30.9338790304 10.0
269 1 33.6425376306 30.9338790304 10.0
270 1 36.1345866094 30.9338790304 10.0
271 1 1.2459009062 35.2502342588 10.0
272 1 3.737949885 35.2502342588 10.0
273 1 6.2299988638 35.2502342588 10.0
274 1 8.7220478426 35.2502342588 10.0
275 1 11.2140968214 35.2502342588 10.0
276 1 13.7061458002 35.2502342588 10.0
277 1 16.198194779 35.2502342588 10.0
278 1 18.6902437578 35.2502342588 10.0
279 1 21.1822927366 35.2502342588 10.0
280 1 23.6743417154 35.2502342588 10.0
281 1 26.1663906942 35.2502342588 10.0
282 1 28.658439673 35.2502342588 10.0
283 1 31.1504886518 35.2502342588 10.0
284 1 33.6425376306 35.2502342588 10.0
285 1 36.1345866094 35.2502342588 10.0
286 1 1.2459009062 39.5665894872 10.0
287 1 3.737949885 39.5665894872 10.0
288 1 6.2299988638 39.5665894872 10.0
289 1 8.7220478426 39.5665894872 10.0
290 1 11.2140968214 39.5665894872 10.0
291 1 13.7061458002 39.5665894872 10.0
292 1 16.198194779 39.5665894872 10.0
293 1 18.6902437578 39.5665894872 10.0
294 1 21.1822927366 39.5665894872 10.0
295 1 23.6743417154 39.5665894872 10.0
296 1 26.1663906942 39.5665894872 10.0
297 1 28.658439673 39.5665894872 10.0
298 1 31.1504886518 39.5665894872 10.0
299 1 33.6425376306 39.5665894872 10.0
300 1 36.1345866094 39.5665894872 10.0
301 1 2.4919253956 2.8775699811 10.0
302 1 4.9839743744 2.8775699811 10.0
303 1 7.4760233532 2.8775699811 10.0
304 1 9.968072332 2.8775699811 10.0
305 1 12.4601213108 2.8775699811 10.0
306 1 14.9521702896 2.8775699811 10.0
307 1 17.4442192684 2.8775699811 10.0
308 1 19.9362682472 2.8775699811 10.0
309 1 22.428317226 2.8775699811 10.0
310 1 24.9203662048 2.8775699811 10.0
311 1 27.4124151836 2.8775699811 10.0
312 1 29.9044641624 2.8775699811 10.0
313 1 32.3965131412 2.8775699811 10.0
314 1 34.88856212 2.8775699811 10.0
315 1 37.3806110988 2.8775699811 10.0
316 1 2.4919253956 7.1939252095 10.0
317 1 4.9839743744 7.1939252095 10.0
318 1 7.4760233532 7.1939252095 10.0
319 1 9.968072332 7.1939252095 10.0
320 1 12.4601213108 7.1939252095 10.0
321 1 14.9521702896 7.1939252095 10.0
322 1 17.4442192684 7.1939252095 10.0
323 1 19.9362682472 7.1939252095 10.0
324 1 22.428317226 7.1939252095 10.0
325 1 24.9203662048 7.1939252095 10.0
326 1 27.4124151836 7.1939252095 10.0
327 1 29.9044641624 7.1939252095 10.0
328 1 32.3965131412 7.1939252095 10.0
329 1 34.88856212 7.1939252095 10.0
330 1 37.3806110988 7.1939252095 10.0
331 1 2.4919253956 11.5102804379 10.0
332 1 4.9839743744 11.5102804379 10.0
333 1 7.4760233532 11.5102804379 10.0
334 1 9.968072332 11.5102804379 10.0
335 1 12.4601213108 11.5102804379 10.0
336 1 14.9521702896 11.5102804379 10.0
337 1 17.4442192684 11.5102804379 10.0
338 1 19.9362682472 11.5102804379 10.0
339 1 22.428317226 11.5102804379 10.0
340 1 24.9203662048 11.5102804379 10.0
341 1 27.4124151836 11.5102804379 10.0
342 1 29.9044641624 11.5102804379 10.0
343 1 32.3965131412 11.5102804379 10.0
344 1 34.88856212 11.5102804379 10.0
345 1 37.3806110988 11.5102804379 10.0
346 1 2.4919253956 15.8266356663 10.0
347 1 4.9839743744 15.8266356663 10.0
348 1 7.4760233532 15.8266356663 10.0
349 1 9.968072332 15.8266356663 10.0
350 1 12.4601213108 15.8266356663 10.0
351 1 14.9521702896 15.8266356663 10.0
352 1 17.4442192684 15.8266356663 10.0
353 1 19.9362682472 15.8266356663 10.0
354 1 22.428317226 15.8266356663 10.0
355 1 24.9203662048 15.8266356663 10.0
356 1 27.4124151836 15.8266356663 10.0
357 1 29.9044641624 15.8266356663 10.0
358 1 32.3965131412 15.8266356663 10.0
359 1 34.88856212 15.8266356663 10.0
360 1 37.3806110988 15.8266356663 10.0
361 1 2.4919253956 20.1429908947 10.0
362 1 4.9839743744 20.1429908947 10.0
363 1 7.4760233532 20.1429908947 10.0
364 1 9.968072332 20.1429908947 10.0
365 1 12.4601213108 20.1429908947 10.0
366 1 14.9521702896 20.1429908947 10.0
367 1 17.4442192684 20.1429908947 10.0
368 1 19.9362682472 20.1429908947 10.0
369 1 22.428317226 20.1429908947 10.0
370 1 24.9203662048 20.1429908947 10.0
371 1 27.4124151836 20.1429908947 10.0
372 1 29.9044641624 20.1429908947 10.0
373 1 32.3965131412 20.1429908947 10.0
374 1 34.88856212 20.1429908947 10.0
375 1 37.3806110988 20.1429908947 10.0
376 1 2.4919253956 24.4593461231 10.0
377 1 4.9839743744 24.4593461231 10.0
378 1 7.4760233532 24.4593461231 10.0
379 1 9.968072332 24.4593461231 10.0
380 1 12.4601213108 24.4593461231 10.0
381 1 14.9521702896 24.4593461231 10.0
382 1 17.4442192684 24.4593461231 10.0
383 1 19.9362682472 24.4593461231 10.0
384 1 22.428317226 24.4593461231 10.0
385 1 24.9203662048 24.4593461231 10.0
386 1 27.4124151836 24.4593461231 10.0
387 1 29.9044641624 24.4593461231 10.0
388 1 32.3965131412 24.4593461231 10.0
389 1 34.88856212 24.4593461231 10.0
390 1 37.3806110988 24.4593461231 10.0
391 1 2.4919253956 28.7757013515 10.0
392 1 4.9839743744 28.7757013515 10.0
393 1 7.4760233532 28.7757013515 10.0
394 1 9.968072332 28.7757013515 10.0
395 1 12.4601213108 28.7757013515 10.0
396 1 14.9521702896 28.7757013515 10.0
397 1 17.4442192684 28.7757013515 10.0
398 1 19.9362682472 28.7757013515 10.0
399 1 22.428317226 28.7757013515 10.0
400 1 24.9203662048 28.7757013515 10.0
401 1 27.4124151836 28.7757013515 10.0
402 1 29.9044641624 28.7757013515 10.0
403 1 32.3965131412 28.7757013515 10.0
404 1 34.88856212 28.7757013515 10.0
405 1 37.3806110988 28.7757013515 10.0
406 1 2.4919253956 33.0920565799 10.0
407 1 4.9839743744 33.0920565799 10.0
408 1 7.4760233532 33.0920565799 10.0
409 1 9.968072332 33.0920565799 10.0
410 1 12.4601213108 33.0920565799 10.0
411 1 14.9521702896 33.0920565799 10.0
412 1 17.4442192684 33.0920565799 10.0
413 1 19.9362682472 33.0920565799 10.0
414 1 22.428317226 33.0920565799 10.0
415 1 24.9203662048 33.0920565799 10.0
416 1 27.4124151836 33.0920565799 10.0
417 1 29.9044641624 33.0920565799 10.0
418 1 32.3965131412 33.0920565799 10.0
419 1 34.88856212 33.0920565799 10.0
420 1 37.3806110988 33.0920565799 10.0
421 1 2.4919253956 37.4084118083 10.0
422 1 4.9839743744 37.4084118083 10.0
423 1 7.4760233532 37.4084118083 10.0
424 1 9.968072332 37.4084118083 10.0
425 1 12.4601213108 37.4084118083 10.0
426 1 14.9521702896 37.4084118083 10.0
427 1 17.4442192684 37.4084118083 10.0
428 1 19.9362682472 37.4084118083 10.0
429 1 22.428317226 37.4084118083 10.0
430 1 24.9203662048 37.4084118083 10.0
431 1 27.4124151836 37.4084118083 10.0
432 1 29.9044641624 37.4084118083 10.0
433 1 32.3965131412 37.4084118083 10.0
434 1 34.88856212 37.4084118083 10.0
435 1 37.3806110988 37.4084118083 10.0
436 1 2.4919253956 41.7247670367 10.0
437 1 4.9839743744 41.7247670367 10.0
438 1 7.4760233532 41.7247670367 10.0
439 1 9.968072332 41.7247670367 10.0
440 1 12.4601213108 41.7247670367 10.0
441 1 14.9521702896 41.7247670367 10.0
442 1 17.4442192684 41.7247670367 10.0
443 1 19.9362682472 41.7247670367 10.0
444 1 22.428317226 41.7247670367 10.0
445 1 24.9203662048 41.7247670367 10.0
446 1 27.4124151836 41.7247670367 10.0
447 1 29.9044641624 41.7247670367 10.0
448 1 32.3965131412 41.7247670367 10.0
449 1 34.88856212 41.7247670367 10.0
450 1 37.3806110988 41.7247670367 10.0
451 1 1.2459009062 3.5969626026 10.0
452 1 3.737949885 3.5969626026 10.0
453 1 6.2299988638 3.5969626026 10.0
454 1 8.7220478426 3.5969626026 10.0
455 1 11.2140968214 3.5969626026 10.0
456 1 13.7061458002 3.5969626026 10.0
457 1 16.198194779 3.5969626026 10.0
458 1 18.6902437578 3.5969626026 10.0
459 1 21.1822927366 3.5969626026 10.0
460 1 23.6743417154 3.5969626026 10.0
461 1 26.1663906942 3.5969626026 10.0
462 1 28.658439673 3.5969626026 10.0
463 1 31.1504886518 3.5969626026 10.0
464 1 33.6425376306 3.5969626026 10.0
465 1 36.1345866094 3.5969626026 10.0
466 1 1.2459009062 7.913317831 10.0
467 1 3.737949885 7.913317831 10.0
468 1 6.2299988638 7.913317831 10.0
469 1 8.7220478426 7.913317831 10.0
470 1 11.2140968214 7.913317831 10.0
471 1 13.7061458002 7.913317831 10.0
472 1 16.198194779 7.913317831 10.0
473 1 18.6902437578 7.913317831 10.0
474 1 21.1822927366 7.913317831 10.0
475 1 23.6743417154 7.913317831 10.0
476 1 26.1663906942 7.913317831 10.0
477 1 28.658439673 7.913317831 10.0
478 1 31.1504886518 7.913317831 10.0
479 1 33.6425376306 7.913317831 10.0
480 1 36.1345866094 7.913317831 10.0
481 1 1.2459009062 12.2296730594 10.0
482 1 3.737949885 12.2296730594 10.0
483 1 6.2299988638 12.2296730594 10.0
484 1 8.7220478426 12.2296730594 10.0
485 1 11.2140968214 12.2296730594 10.0
486 1 13.7061458002 12.2296730594 10.0
487 1 16.198194779 12.2296730594 10.0
488 1 18.6902437578 12.2296730594 10.0
489 1 21.1822927366 12.2296730594 10.0
490 1 23.6743417154 12.2296730594 10.0
491 1 26.1663906942 12.2296730594 10.0
492 1 28.658439673 12.2296730594 10.0
493 1 31.1504886518 12.2296730594 10.0
494 1 33.6425376306 12.2296730594 10.0
495 1 36.1345866094 12.2296730594 10.0
496 1 1.2459009062 16.5460282878 10.0
497 1 3.737949885 16.5460282878 10.0
498 1 6.2299988638 16.5460282878 10.0
499 1 8.7220478426 16.5460282878 10.0
500 1 11.2140968214 16.5460282878 10.0
501 1 13.7061458002 16.5460282878 10.0
502 1 16.198194779 16.5460282878 10.0
503 1 18.6902437578 16.5460282878 10.0
504 1 21.1822927366 16.5460282878 10.0
505 1 23.6743417154 16.5460282878 10.0
506 1 26.1663906942 16.5460282878 10.0
507 1 28.658439673 16.5460282878 10.0
508 1 31.1504886518 16.5460282878 10.0
509 1 33.6425376306 16.5460282878 10.0
510 1 36.1345866094 16.5460282878 10.0
511 1 1.2459009062 20.8623835162 10.0
512 1 3.737949885 20.8623835162 10.0
513 1 6.2299988638 20.8623835162 10.0
514 1 8.7220478426 20.8623835162 10.0
515 1 11.2140968214 20.8623835162 10.0
516 1 13.7061458002 20.8623835162 10.0
517 1 16.198194779 20.8623835162 10.0
518 1 18.6902437578 20.8623835162 10.0
519 1 21.1822927366 20.8623835162 10.0
520 1 23.6743417154 20.8623835162 10.0
521 1 26.1663906942 20.8623835162 10.0
522 1 28.658439673 20.8623835162 10.0
523 1 31.1504886518 20.8623835162 10.0
524 1 33.6425376306 20.8623835162 10.0
525 1 36.1345866094 20.8623835162 10.0
526 1 1.2459009062 25.1787387446 10.0
527 1 3.737949885 25.1787387446 10.0
528 1 6.2299988638 25.1787387446 10.0
529 1 8.7220478426 25.1787387446 10.0
530 1 11.2140968214 25.1787387446 10.0
531 1 13.7061458002 25.1787387446 10.0
532 1 16.198194779 25.1787387446 10.0
533 1 18.6902437578 25.1787387446 10.0
534 1 21.1822927366 25.1787387446 10.0
535 1 23.6743417154 25.1787387446 10.0
536 1 26.1663906942 25.1787387446 10.0
537 1 28.658439673 25.1787387446 10.0
538 1 31.1504886518 25.1787387446 10.0
539 1 33.6425376306 25.1787387446 10.0
540 1 36.1345866094 25.1787387446 10.0
541 1 1.2459009062 29.495093973 10.0
542 1 3.737949885 29.495093973 10.0
543 1 6.2299988638 29.495093973 10.0
544 1 8.7220478426 29.495093973 10.0
545 1 11.2140968214 29.495093973 10.0
546 1 13.7061458002 29.495093973 10.0
547 1 16.198194779 29.495093973 10.0
548 1 18.6902437578 29.495093973 10.0
549 1 21.1822927366 29.495093973 10.0
550 1 23.6743417154 29.495093973 10.0
551 1 26.1663906942 29.495093973 10.0
552 1 28.658439673 29.495093973 10.0
553 1 31.1504886518 29.495093973 10.0
554 1 33.6425376306 29.495093973 10.0
555 1 36.1345866094 29.495093973 10.0
556 1 1.2459009062 33.8114492014 10.0
557 1 3.737949885 33.8114492014 10.0
558 1 6.2299988638 33.8114492014 10.0
559 1 8.7220478426 33.8114492014 10.0
560 1 11.2140968214 33.8114492014 10.0
561 1 13.7061458002 33.8114492014 10.0
562 1 16.198194779 33.8114492014 10.0
563 1 18.6902437578 33.8114492014 10.0
564 1 21.1822927366 33.8114492014 10.0
565 1 23.6743417154 33.8114492014 10.0
566 1 26.1663906942 33.8114492014 10.0
567 1 28.658439673 33.8114492014 10.0
568 1 31.1504886518 33.8114492014 10.0
569 1 33.6425376306 33.8114492014 10.0
570 1 36.1345866094 33.8114492014 10.0
571 1 1.2459009062 38.1278044298 10.0
572 1 3.737949885 38.1278044298 10.0
573 1 6.2299988638 38.1278044298 10.0
574 1 8.7220478426 38.1278044298 10.0
575 1 11.2140968214 38.1278044298 10.0
576 1 13.7061458002 38.1278044298 10.0
577 1 16.198194779 38.1278044298 10.0
578 1 18.6902437578 38.1278044298 10.0
579 1 21.1822927366 38.1278044298 10.0
580 1 23.6743417154 38.1278044298 10.0
581 1 26.1663906942 38.1278044298 10.0
582 1 28.658439673 38.1278044298 10.0
583 1 31.1504886518 38.1278044298 10.0
584 1 33.6425376306 38.1278044298 10.0
585 1 36.1345866094 38.1278044298 10.0
586 1 1.2459009062 42.4441596582 10.0
587 1 3.737949885 42.4441596582 10.0
588 1 6.2299988638 42.4441596582 10.0
589 1 8.7220478426 42.4441596582 10.0
590 1 11.2140968214 42.4441596582 10.0
591 1 13.7061458002 42.4441596582 10.0
592 1 16.198194779 42.4441596582 10.0
593 1 18.6902437578 42.4441596582 10.0
594 1 21.1822927366 42.4441596582 10.0
595 1 23.6743417154 42.4441596582 10.0
596 1 26.1663906942 42.4441596582 10.0
597 1 28.658439673 42.4441596582 10.0
598 1 31.1504886518 42.4441596582 10.0
599 1 33.6425376306 42.4441596582 10.0
600 1 36.1345866094 42.4441596582 10.0
